292

Rom.

a. 1823. a.. 1846.

275
276
277

278

279
, 280

281

282
283

284
285
286
2'87
288
289
290

291

INDICES AD FRONTONEM.

Rom. Berol. Nov.

199

200

201

202

203

204

205

206

207

208

v 209

237

188

189
238

190

¹ 191

193

194

195

196

197

198
199

200
181
182

1 83
202
203
204

201

251 v.
- 14

173 -

7

1

- 4

-15

174 -

-21

4

· 9

-11

175 -

έθ-

-8
-9
1
5

4

· 8

177 κ
178 -

179 -

-19

10

-15
-16

6

-10
-22

2

-10

-11

180 -

— ult.

1

-16

-20

181 -

182 -

183 -

-21

3

-13

3

-4
-17

1

- 4

— 8

184 -

-10

3

- 7

-10

185 -

-17

3

Rom.

a. 1823. a.. 1846.

292

-14’

302

303

304 -

305

306

307

308

Rom. Berol. Nov.

210

211

212

213

214

215

216

217

218

219

220

221

192
184

205

206

207

208

209

210

211

212

213

218

219
220

221

222

223

224

225

226
216

’217

185 v.

186 -

11
⁷.

-10
- -16
187-

4

- -10
- -13

188 -

-18

4

-12,

-13

189 -
190 -
191 ,-
192 -
193 -
194 -
195 -
196 --
197 -
198 -

199 -

-19

3

-11
-18

